{
 "cells": [
  {
   "cell_type": "code",
   "execution_count": 2,
   "metadata": {},
   "outputs": [],
   "source": [
    "import pandas as pd"
   ]
  },
  {
   "cell_type": "code",
   "execution_count": 3,
   "metadata": {},
   "outputs": [],
   "source": [
    "df = pd.read_csv('dados_batalha_classico.csv')\n"
   ]
  },
  {
   "cell_type": "code",
   "execution_count": 4,
   "metadata": {},
   "outputs": [
    {
     "data": {
      "text/html": [
       "<div>\n",
       "<style scoped>\n",
       "    .dataframe tbody tr th:only-of-type {\n",
       "        vertical-align: middle;\n",
       "    }\n",
       "\n",
       "    .dataframe tbody tr th {\n",
       "        vertical-align: top;\n",
       "    }\n",
       "\n",
       "    .dataframe thead th {\n",
       "        text-align: right;\n",
       "    }\n",
       "</style>\n",
       "<table border=\"1\" class=\"dataframe\">\n",
       "  <thead>\n",
       "    <tr style=\"text-align: right;\">\n",
       "      <th></th>\n",
       "      <th>Unnamed: 0</th>\n",
       "      <th>produto</th>\n",
       "      <th>classe</th>\n",
       "      <th>retorno</th>\n",
       "      <th>avaliacao_risco</th>\n",
       "      <th>aloc</th>\n",
       "      <th>ret_med</th>\n",
       "      <th>aval</th>\n",
       "    </tr>\n",
       "  </thead>\n",
       "  <tbody>\n",
       "    <tr>\n",
       "      <th>0</th>\n",
       "      <td>0</td>\n",
       "      <td>produto_0</td>\n",
       "      <td>classe_0</td>\n",
       "      <td>0.129244</td>\n",
       "      <td>23</td>\n",
       "      <td>0.04</td>\n",
       "      <td>0.005170</td>\n",
       "      <td>0.92</td>\n",
       "    </tr>\n",
       "    <tr>\n",
       "      <th>1</th>\n",
       "      <td>1</td>\n",
       "      <td>produto_1</td>\n",
       "      <td>classe_0</td>\n",
       "      <td>0.135872</td>\n",
       "      <td>12</td>\n",
       "      <td>0.04</td>\n",
       "      <td>0.005435</td>\n",
       "      <td>0.48</td>\n",
       "    </tr>\n",
       "    <tr>\n",
       "      <th>2</th>\n",
       "      <td>2</td>\n",
       "      <td>produto_2</td>\n",
       "      <td>classe_0</td>\n",
       "      <td>0.118227</td>\n",
       "      <td>5</td>\n",
       "      <td>0.04</td>\n",
       "      <td>0.004729</td>\n",
       "      <td>0.20</td>\n",
       "    </tr>\n",
       "    <tr>\n",
       "      <th>3</th>\n",
       "      <td>3</td>\n",
       "      <td>produto_3</td>\n",
       "      <td>classe_0</td>\n",
       "      <td>0.138654</td>\n",
       "      <td>37</td>\n",
       "      <td>0.04</td>\n",
       "      <td>0.005546</td>\n",
       "      <td>1.48</td>\n",
       "    </tr>\n",
       "    <tr>\n",
       "      <th>4</th>\n",
       "      <td>4</td>\n",
       "      <td>produto_4</td>\n",
       "      <td>classe_0</td>\n",
       "      <td>0.117790</td>\n",
       "      <td>4</td>\n",
       "      <td>0.04</td>\n",
       "      <td>0.004712</td>\n",
       "      <td>0.16</td>\n",
       "    </tr>\n",
       "    <tr>\n",
       "      <th>...</th>\n",
       "      <td>...</td>\n",
       "      <td>...</td>\n",
       "      <td>...</td>\n",
       "      <td>...</td>\n",
       "      <td>...</td>\n",
       "      <td>...</td>\n",
       "      <td>...</td>\n",
       "      <td>...</td>\n",
       "    </tr>\n",
       "    <tr>\n",
       "      <th>661</th>\n",
       "      <td>663</td>\n",
       "      <td>produto_663</td>\n",
       "      <td>classe_9</td>\n",
       "      <td>0.122159</td>\n",
       "      <td>32</td>\n",
       "      <td>0.10</td>\n",
       "      <td>0.012216</td>\n",
       "      <td>3.20</td>\n",
       "    </tr>\n",
       "    <tr>\n",
       "      <th>662</th>\n",
       "      <td>664</td>\n",
       "      <td>produto_664</td>\n",
       "      <td>classe_9</td>\n",
       "      <td>0.119627</td>\n",
       "      <td>10</td>\n",
       "      <td>0.10</td>\n",
       "      <td>0.011963</td>\n",
       "      <td>1.00</td>\n",
       "    </tr>\n",
       "    <tr>\n",
       "      <th>663</th>\n",
       "      <td>665</td>\n",
       "      <td>produto_665</td>\n",
       "      <td>classe_9</td>\n",
       "      <td>0.197897</td>\n",
       "      <td>45</td>\n",
       "      <td>0.10</td>\n",
       "      <td>0.019790</td>\n",
       "      <td>4.50</td>\n",
       "    </tr>\n",
       "    <tr>\n",
       "      <th>664</th>\n",
       "      <td>666</td>\n",
       "      <td>produto_666</td>\n",
       "      <td>classe_9</td>\n",
       "      <td>0.205654</td>\n",
       "      <td>48</td>\n",
       "      <td>0.10</td>\n",
       "      <td>0.020565</td>\n",
       "      <td>4.80</td>\n",
       "    </tr>\n",
       "    <tr>\n",
       "      <th>665</th>\n",
       "      <td>667</td>\n",
       "      <td>produto_667</td>\n",
       "      <td>classe_9</td>\n",
       "      <td>0.204212</td>\n",
       "      <td>48</td>\n",
       "      <td>0.10</td>\n",
       "      <td>0.020421</td>\n",
       "      <td>4.80</td>\n",
       "    </tr>\n",
       "  </tbody>\n",
       "</table>\n",
       "<p>666 rows × 8 columns</p>\n",
       "</div>"
      ],
      "text/plain": [
       "     Unnamed: 0      produto    classe   retorno  avaliacao_risco  aloc  \\\n",
       "0             0    produto_0  classe_0  0.129244               23  0.04   \n",
       "1             1    produto_1  classe_0  0.135872               12  0.04   \n",
       "2             2    produto_2  classe_0  0.118227                5  0.04   \n",
       "3             3    produto_3  classe_0  0.138654               37  0.04   \n",
       "4             4    produto_4  classe_0  0.117790                4  0.04   \n",
       "..          ...          ...       ...       ...              ...   ...   \n",
       "661         663  produto_663  classe_9  0.122159               32  0.10   \n",
       "662         664  produto_664  classe_9  0.119627               10  0.10   \n",
       "663         665  produto_665  classe_9  0.197897               45  0.10   \n",
       "664         666  produto_666  classe_9  0.205654               48  0.10   \n",
       "665         667  produto_667  classe_9  0.204212               48  0.10   \n",
       "\n",
       "      ret_med  aval  \n",
       "0    0.005170  0.92  \n",
       "1    0.005435  0.48  \n",
       "2    0.004729  0.20  \n",
       "3    0.005546  1.48  \n",
       "4    0.004712  0.16  \n",
       "..        ...   ...  \n",
       "661  0.012216  3.20  \n",
       "662  0.011963  1.00  \n",
       "663  0.019790  4.50  \n",
       "664  0.020565  4.80  \n",
       "665  0.020421  4.80  \n",
       "\n",
       "[666 rows x 8 columns]"
      ]
     },
     "execution_count": 4,
     "metadata": {},
     "output_type": "execute_result"
    }
   ],
   "source": [
    "df"
   ]
  },
  {
   "cell_type": "code",
   "execution_count": 5,
   "metadata": {},
   "outputs": [],
   "source": [
    "data5 = df.head(n=10)"
   ]
  },
  {
   "cell_type": "code",
   "execution_count": null,
   "metadata": {},
   "outputs": [
    {
     "name": "stdout",
     "output_type": "stream",
     "text": [
      "   Unnamed: 0    produto\n",
      "0           0  produto_0\n",
      "1           1  produto_1\n",
      "2           2  produto_2\n",
      "3           3  produto_3\n",
      "4           4  produto_4\n",
      "5           5  produto_5\n",
      "6           6  produto_6\n",
      "7           7  produto_7\n",
      "8           8  produto_8\n",
      "9           9  produto_9\n"
     ]
    }
   ],
   "source": [
    "inprod = data5[['Unnamed: 0','produto']]\n",
    "print(inprod)"
   ]
  },
  {
   "cell_type": "markdown",
   "metadata": {},
   "source": [
    "## COVARIANCIA"
   ]
  },
  {
   "cell_type": "code",
   "execution_count": 7,
   "metadata": {},
   "outputs": [],
   "source": [
    "df = pd.read_csv('covariancia_classico.csv')"
   ]
  },
  {
   "cell_type": "code",
   "execution_count": 8,
   "metadata": {},
   "outputs": [
    {
     "data": {
      "text/html": [
       "<div>\n",
       "<style scoped>\n",
       "    .dataframe tbody tr th:only-of-type {\n",
       "        vertical-align: middle;\n",
       "    }\n",
       "\n",
       "    .dataframe tbody tr th {\n",
       "        vertical-align: top;\n",
       "    }\n",
       "\n",
       "    .dataframe thead th {\n",
       "        text-align: right;\n",
       "    }\n",
       "</style>\n",
       "<table border=\"1\" class=\"dataframe\">\n",
       "  <thead>\n",
       "    <tr style=\"text-align: right;\">\n",
       "      <th></th>\n",
       "      <th>nome</th>\n",
       "      <th>produto_0</th>\n",
       "      <th>produto_1</th>\n",
       "      <th>produto_2</th>\n",
       "      <th>produto_3</th>\n",
       "      <th>produto_4</th>\n",
       "      <th>produto_5</th>\n",
       "      <th>produto_6</th>\n",
       "      <th>produto_7</th>\n",
       "      <th>produto_8</th>\n",
       "      <th>...</th>\n",
       "      <th>produto_658</th>\n",
       "      <th>produto_659</th>\n",
       "      <th>produto_660</th>\n",
       "      <th>produto_661</th>\n",
       "      <th>produto_662</th>\n",
       "      <th>produto_663</th>\n",
       "      <th>produto_664</th>\n",
       "      <th>produto_665</th>\n",
       "      <th>produto_666</th>\n",
       "      <th>produto_667</th>\n",
       "    </tr>\n",
       "  </thead>\n",
       "  <tbody>\n",
       "    <tr>\n",
       "      <th>0</th>\n",
       "      <td>produto_0</td>\n",
       "      <td>9.127837e-06</td>\n",
       "      <td>1.997092e-06</td>\n",
       "      <td>1.907910e-07</td>\n",
       "      <td>1.946977e-06</td>\n",
       "      <td>4.344784e-08</td>\n",
       "      <td>7.385602e-06</td>\n",
       "      <td>2.024246e-07</td>\n",
       "      <td>-7.561183e-06</td>\n",
       "      <td>-3.135964e-06</td>\n",
       "      <td>...</td>\n",
       "      <td>-1.475392e-05</td>\n",
       "      <td>6.512619e-06</td>\n",
       "      <td>5.842226e-07</td>\n",
       "      <td>8.236342e-06</td>\n",
       "      <td>4.743256e-06</td>\n",
       "      <td>2.604917e-06</td>\n",
       "      <td>2.167275e-07</td>\n",
       "      <td>4.558311e-05</td>\n",
       "      <td>4.752190e-05</td>\n",
       "      <td>4.728425e-05</td>\n",
       "    </tr>\n",
       "    <tr>\n",
       "      <th>1</th>\n",
       "      <td>produto_1</td>\n",
       "      <td>1.997092e-06</td>\n",
       "      <td>7.308937e-06</td>\n",
       "      <td>2.173131e-08</td>\n",
       "      <td>1.908224e-06</td>\n",
       "      <td>1.440145e-07</td>\n",
       "      <td>4.428016e-06</td>\n",
       "      <td>2.247668e-07</td>\n",
       "      <td>-2.943755e-06</td>\n",
       "      <td>-1.478506e-06</td>\n",
       "      <td>...</td>\n",
       "      <td>-8.617950e-06</td>\n",
       "      <td>3.995716e-06</td>\n",
       "      <td>3.939369e-07</td>\n",
       "      <td>5.141105e-06</td>\n",
       "      <td>3.081143e-06</td>\n",
       "      <td>2.029255e-06</td>\n",
       "      <td>3.669501e-08</td>\n",
       "      <td>2.877069e-05</td>\n",
       "      <td>2.992720e-05</td>\n",
       "      <td>2.987897e-05</td>\n",
       "    </tr>\n",
       "    <tr>\n",
       "      <th>2</th>\n",
       "      <td>produto_2</td>\n",
       "      <td>1.907910e-07</td>\n",
       "      <td>2.173131e-08</td>\n",
       "      <td>5.325114e-06</td>\n",
       "      <td>1.722893e-08</td>\n",
       "      <td>1.053738e-08</td>\n",
       "      <td>8.710767e-08</td>\n",
       "      <td>1.370160e-08</td>\n",
       "      <td>-1.224788e-07</td>\n",
       "      <td>-2.337944e-07</td>\n",
       "      <td>...</td>\n",
       "      <td>-5.817326e-07</td>\n",
       "      <td>1.105320e-07</td>\n",
       "      <td>-2.924006e-08</td>\n",
       "      <td>3.959292e-07</td>\n",
       "      <td>7.980783e-08</td>\n",
       "      <td>-7.930616e-08</td>\n",
       "      <td>1.223667e-07</td>\n",
       "      <td>4.933548e-07</td>\n",
       "      <td>7.632671e-07</td>\n",
       "      <td>6.091602e-07</td>\n",
       "    </tr>\n",
       "    <tr>\n",
       "      <th>3</th>\n",
       "      <td>produto_3</td>\n",
       "      <td>1.946977e-06</td>\n",
       "      <td>1.908224e-06</td>\n",
       "      <td>1.722893e-08</td>\n",
       "      <td>7.146463e-06</td>\n",
       "      <td>7.310698e-08</td>\n",
       "      <td>4.027246e-06</td>\n",
       "      <td>-1.201524e-08</td>\n",
       "      <td>-3.018323e-06</td>\n",
       "      <td>-1.500099e-06</td>\n",
       "      <td>...</td>\n",
       "      <td>-9.568140e-06</td>\n",
       "      <td>3.602900e-06</td>\n",
       "      <td>4.085647e-09</td>\n",
       "      <td>5.035034e-06</td>\n",
       "      <td>2.733777e-06</td>\n",
       "      <td>1.644535e-06</td>\n",
       "      <td>2.034310e-07</td>\n",
       "      <td>2.712052e-05</td>\n",
       "      <td>2.795082e-05</td>\n",
       "      <td>2.823313e-05</td>\n",
       "    </tr>\n",
       "    <tr>\n",
       "      <th>4</th>\n",
       "      <td>produto_4</td>\n",
       "      <td>4.344784e-08</td>\n",
       "      <td>1.440145e-07</td>\n",
       "      <td>1.053738e-08</td>\n",
       "      <td>7.310698e-08</td>\n",
       "      <td>5.322298e-06</td>\n",
       "      <td>1.780346e-07</td>\n",
       "      <td>1.200626e-07</td>\n",
       "      <td>3.954907e-08</td>\n",
       "      <td>4.264531e-08</td>\n",
       "      <td>...</td>\n",
       "      <td>-1.993395e-07</td>\n",
       "      <td>3.428925e-07</td>\n",
       "      <td>6.865860e-08</td>\n",
       "      <td>2.016628e-07</td>\n",
       "      <td>8.436638e-08</td>\n",
       "      <td>3.170273e-07</td>\n",
       "      <td>1.648742e-07</td>\n",
       "      <td>9.267664e-07</td>\n",
       "      <td>1.045393e-06</td>\n",
       "      <td>1.200111e-06</td>\n",
       "    </tr>\n",
       "    <tr>\n",
       "      <th>...</th>\n",
       "      <td>...</td>\n",
       "      <td>...</td>\n",
       "      <td>...</td>\n",
       "      <td>...</td>\n",
       "      <td>...</td>\n",
       "      <td>...</td>\n",
       "      <td>...</td>\n",
       "      <td>...</td>\n",
       "      <td>...</td>\n",
       "      <td>...</td>\n",
       "      <td>...</td>\n",
       "      <td>...</td>\n",
       "      <td>...</td>\n",
       "      <td>...</td>\n",
       "      <td>...</td>\n",
       "      <td>...</td>\n",
       "      <td>...</td>\n",
       "      <td>...</td>\n",
       "      <td>...</td>\n",
       "      <td>...</td>\n",
       "      <td>...</td>\n",
       "    </tr>\n",
       "    <tr>\n",
       "      <th>661</th>\n",
       "      <td>produto_663</td>\n",
       "      <td>2.604917e-06</td>\n",
       "      <td>2.029255e-06</td>\n",
       "      <td>-7.930616e-08</td>\n",
       "      <td>1.644535e-06</td>\n",
       "      <td>3.170273e-07</td>\n",
       "      <td>1.456430e-05</td>\n",
       "      <td>1.139831e-06</td>\n",
       "      <td>-3.819926e-06</td>\n",
       "      <td>6.999145e-06</td>\n",
       "      <td>...</td>\n",
       "      <td>1.262681e-05</td>\n",
       "      <td>1.359764e-05</td>\n",
       "      <td>1.891298e-06</td>\n",
       "      <td>1.128055e-05</td>\n",
       "      <td>9.509793e-06</td>\n",
       "      <td>4.108333e-05</td>\n",
       "      <td>7.776239e-07</td>\n",
       "      <td>1.038611e-04</td>\n",
       "      <td>1.063846e-04</td>\n",
       "      <td>1.058225e-04</td>\n",
       "    </tr>\n",
       "    <tr>\n",
       "      <th>662</th>\n",
       "      <td>produto_664</td>\n",
       "      <td>2.167275e-07</td>\n",
       "      <td>3.669501e-08</td>\n",
       "      <td>1.223667e-07</td>\n",
       "      <td>2.034310e-07</td>\n",
       "      <td>1.648742e-07</td>\n",
       "      <td>1.401798e-06</td>\n",
       "      <td>3.019568e-07</td>\n",
       "      <td>-8.438810e-07</td>\n",
       "      <td>3.079385e-07</td>\n",
       "      <td>...</td>\n",
       "      <td>-9.117189e-08</td>\n",
       "      <td>5.947570e-07</td>\n",
       "      <td>4.378595e-07</td>\n",
       "      <td>8.342752e-07</td>\n",
       "      <td>-2.963031e-08</td>\n",
       "      <td>7.776239e-07</td>\n",
       "      <td>3.331725e-05</td>\n",
       "      <td>8.457980e-06</td>\n",
       "      <td>8.599551e-06</td>\n",
       "      <td>8.575762e-06</td>\n",
       "    </tr>\n",
       "    <tr>\n",
       "      <th>663</th>\n",
       "      <td>produto_665</td>\n",
       "      <td>4.558311e-05</td>\n",
       "      <td>2.877069e-05</td>\n",
       "      <td>4.933548e-07</td>\n",
       "      <td>2.712052e-05</td>\n",
       "      <td>9.267664e-07</td>\n",
       "      <td>2.107042e-04</td>\n",
       "      <td>1.261407e-05</td>\n",
       "      <td>-1.097401e-04</td>\n",
       "      <td>6.288862e-05</td>\n",
       "      <td>...</td>\n",
       "      <td>4.680300e-06</td>\n",
       "      <td>1.893853e-04</td>\n",
       "      <td>2.220461e-05</td>\n",
       "      <td>1.792304e-04</td>\n",
       "      <td>1.425672e-04</td>\n",
       "      <td>1.038611e-04</td>\n",
       "      <td>8.457980e-06</td>\n",
       "      <td>1.564870e-03</td>\n",
       "      <td>1.574078e-03</td>\n",
       "      <td>1.572409e-03</td>\n",
       "    </tr>\n",
       "    <tr>\n",
       "      <th>664</th>\n",
       "      <td>produto_666</td>\n",
       "      <td>4.752190e-05</td>\n",
       "      <td>2.992720e-05</td>\n",
       "      <td>7.632671e-07</td>\n",
       "      <td>2.795082e-05</td>\n",
       "      <td>1.045393e-06</td>\n",
       "      <td>2.166490e-04</td>\n",
       "      <td>1.233962e-05</td>\n",
       "      <td>-1.178427e-04</td>\n",
       "      <td>6.056517e-05</td>\n",
       "      <td>...</td>\n",
       "      <td>-1.587362e-05</td>\n",
       "      <td>1.940945e-04</td>\n",
       "      <td>2.193135e-05</td>\n",
       "      <td>1.857470e-04</td>\n",
       "      <td>1.467990e-04</td>\n",
       "      <td>1.063846e-04</td>\n",
       "      <td>8.599551e-06</td>\n",
       "      <td>1.574078e-03</td>\n",
       "      <td>1.652155e-03</td>\n",
       "      <td>1.618462e-03</td>\n",
       "    </tr>\n",
       "    <tr>\n",
       "      <th>665</th>\n",
       "      <td>produto_667</td>\n",
       "      <td>4.728425e-05</td>\n",
       "      <td>2.987897e-05</td>\n",
       "      <td>6.091602e-07</td>\n",
       "      <td>2.823313e-05</td>\n",
       "      <td>1.200111e-06</td>\n",
       "      <td>2.162389e-04</td>\n",
       "      <td>1.253094e-05</td>\n",
       "      <td>-1.183293e-04</td>\n",
       "      <td>6.008673e-05</td>\n",
       "      <td>...</td>\n",
       "      <td>-1.705899e-05</td>\n",
       "      <td>1.941467e-04</td>\n",
       "      <td>2.162585e-05</td>\n",
       "      <td>1.863404e-04</td>\n",
       "      <td>1.455877e-04</td>\n",
       "      <td>1.058225e-04</td>\n",
       "      <td>8.575762e-06</td>\n",
       "      <td>1.572409e-03</td>\n",
       "      <td>1.618462e-03</td>\n",
       "      <td>1.650139e-03</td>\n",
       "    </tr>\n",
       "  </tbody>\n",
       "</table>\n",
       "<p>666 rows × 667 columns</p>\n",
       "</div>"
      ],
      "text/plain": [
       "            nome     produto_0     produto_1     produto_2     produto_3  \\\n",
       "0      produto_0  9.127837e-06  1.997092e-06  1.907910e-07  1.946977e-06   \n",
       "1      produto_1  1.997092e-06  7.308937e-06  2.173131e-08  1.908224e-06   \n",
       "2      produto_2  1.907910e-07  2.173131e-08  5.325114e-06  1.722893e-08   \n",
       "3      produto_3  1.946977e-06  1.908224e-06  1.722893e-08  7.146463e-06   \n",
       "4      produto_4  4.344784e-08  1.440145e-07  1.053738e-08  7.310698e-08   \n",
       "..           ...           ...           ...           ...           ...   \n",
       "661  produto_663  2.604917e-06  2.029255e-06 -7.930616e-08  1.644535e-06   \n",
       "662  produto_664  2.167275e-07  3.669501e-08  1.223667e-07  2.034310e-07   \n",
       "663  produto_665  4.558311e-05  2.877069e-05  4.933548e-07  2.712052e-05   \n",
       "664  produto_666  4.752190e-05  2.992720e-05  7.632671e-07  2.795082e-05   \n",
       "665  produto_667  4.728425e-05  2.987897e-05  6.091602e-07  2.823313e-05   \n",
       "\n",
       "        produto_4     produto_5     produto_6     produto_7     produto_8  \\\n",
       "0    4.344784e-08  7.385602e-06  2.024246e-07 -7.561183e-06 -3.135964e-06   \n",
       "1    1.440145e-07  4.428016e-06  2.247668e-07 -2.943755e-06 -1.478506e-06   \n",
       "2    1.053738e-08  8.710767e-08  1.370160e-08 -1.224788e-07 -2.337944e-07   \n",
       "3    7.310698e-08  4.027246e-06 -1.201524e-08 -3.018323e-06 -1.500099e-06   \n",
       "4    5.322298e-06  1.780346e-07  1.200626e-07  3.954907e-08  4.264531e-08   \n",
       "..            ...           ...           ...           ...           ...   \n",
       "661  3.170273e-07  1.456430e-05  1.139831e-06 -3.819926e-06  6.999145e-06   \n",
       "662  1.648742e-07  1.401798e-06  3.019568e-07 -8.438810e-07  3.079385e-07   \n",
       "663  9.267664e-07  2.107042e-04  1.261407e-05 -1.097401e-04  6.288862e-05   \n",
       "664  1.045393e-06  2.166490e-04  1.233962e-05 -1.178427e-04  6.056517e-05   \n",
       "665  1.200111e-06  2.162389e-04  1.253094e-05 -1.183293e-04  6.008673e-05   \n",
       "\n",
       "     ...   produto_658   produto_659   produto_660   produto_661  \\\n",
       "0    ... -1.475392e-05  6.512619e-06  5.842226e-07  8.236342e-06   \n",
       "1    ... -8.617950e-06  3.995716e-06  3.939369e-07  5.141105e-06   \n",
       "2    ... -5.817326e-07  1.105320e-07 -2.924006e-08  3.959292e-07   \n",
       "3    ... -9.568140e-06  3.602900e-06  4.085647e-09  5.035034e-06   \n",
       "4    ... -1.993395e-07  3.428925e-07  6.865860e-08  2.016628e-07   \n",
       "..   ...           ...           ...           ...           ...   \n",
       "661  ...  1.262681e-05  1.359764e-05  1.891298e-06  1.128055e-05   \n",
       "662  ... -9.117189e-08  5.947570e-07  4.378595e-07  8.342752e-07   \n",
       "663  ...  4.680300e-06  1.893853e-04  2.220461e-05  1.792304e-04   \n",
       "664  ... -1.587362e-05  1.940945e-04  2.193135e-05  1.857470e-04   \n",
       "665  ... -1.705899e-05  1.941467e-04  2.162585e-05  1.863404e-04   \n",
       "\n",
       "      produto_662   produto_663   produto_664   produto_665   produto_666  \\\n",
       "0    4.743256e-06  2.604917e-06  2.167275e-07  4.558311e-05  4.752190e-05   \n",
       "1    3.081143e-06  2.029255e-06  3.669501e-08  2.877069e-05  2.992720e-05   \n",
       "2    7.980783e-08 -7.930616e-08  1.223667e-07  4.933548e-07  7.632671e-07   \n",
       "3    2.733777e-06  1.644535e-06  2.034310e-07  2.712052e-05  2.795082e-05   \n",
       "4    8.436638e-08  3.170273e-07  1.648742e-07  9.267664e-07  1.045393e-06   \n",
       "..            ...           ...           ...           ...           ...   \n",
       "661  9.509793e-06  4.108333e-05  7.776239e-07  1.038611e-04  1.063846e-04   \n",
       "662 -2.963031e-08  7.776239e-07  3.331725e-05  8.457980e-06  8.599551e-06   \n",
       "663  1.425672e-04  1.038611e-04  8.457980e-06  1.564870e-03  1.574078e-03   \n",
       "664  1.467990e-04  1.063846e-04  8.599551e-06  1.574078e-03  1.652155e-03   \n",
       "665  1.455877e-04  1.058225e-04  8.575762e-06  1.572409e-03  1.618462e-03   \n",
       "\n",
       "      produto_667  \n",
       "0    4.728425e-05  \n",
       "1    2.987897e-05  \n",
       "2    6.091602e-07  \n",
       "3    2.823313e-05  \n",
       "4    1.200111e-06  \n",
       "..            ...  \n",
       "661  1.058225e-04  \n",
       "662  8.575762e-06  \n",
       "663  1.572409e-03  \n",
       "664  1.618462e-03  \n",
       "665  1.650139e-03  \n",
       "\n",
       "[666 rows x 667 columns]"
      ]
     },
     "execution_count": 8,
     "metadata": {},
     "output_type": "execute_result"
    }
   ],
   "source": [
    "df"
   ]
  },
  {
   "cell_type": "code",
   "execution_count": null,
   "metadata": {},
   "outputs": [
    {
     "data": {
      "text/plain": [
       "array(['produto_0', 'produto_1', 'produto_2', 'produto_3', 'produto_4',\n",
       "       'produto_5', 'produto_6', 'produto_7', 'produto_8', 'produto_9'],\n",
       "      dtype=object)"
      ]
     },
     "execution_count": 100,
     "metadata": {},
     "output_type": "execute_result"
    }
   ],
   "source": [
    "names = inprod['produto'].to_numpy()\n",
    "names"
   ]
  },
  {
   "cell_type": "code",
   "execution_count": null,
   "metadata": {},
   "outputs": [
    {
     "data": {
      "text/plain": [
       "array([0, 1, 2, 3, 4, 5, 6, 7, 8, 9])"
      ]
     },
     "execution_count": 99,
     "metadata": {},
     "output_type": "execute_result"
    }
   ],
   "source": [
    "indices = inprod['Unnamed: 0'].to_numpy()\n",
    "indices"
   ]
  },
  {
   "cell_type": "code",
   "execution_count": 104,
   "metadata": {},
   "outputs": [
    {
     "data": {
      "text/html": [
       "<div>\n",
       "<style scoped>\n",
       "    .dataframe tbody tr th:only-of-type {\n",
       "        vertical-align: middle;\n",
       "    }\n",
       "\n",
       "    .dataframe tbody tr th {\n",
       "        vertical-align: top;\n",
       "    }\n",
       "\n",
       "    .dataframe thead th {\n",
       "        text-align: right;\n",
       "    }\n",
       "</style>\n",
       "<table border=\"1\" class=\"dataframe\">\n",
       "  <thead>\n",
       "    <tr style=\"text-align: right;\">\n",
       "      <th></th>\n",
       "      <th>produto_0</th>\n",
       "      <th>produto_1</th>\n",
       "      <th>produto_2</th>\n",
       "      <th>produto_3</th>\n",
       "      <th>produto_4</th>\n",
       "      <th>produto_5</th>\n",
       "      <th>produto_6</th>\n",
       "      <th>produto_7</th>\n",
       "      <th>produto_8</th>\n",
       "      <th>produto_9</th>\n",
       "    </tr>\n",
       "  </thead>\n",
       "  <tbody>\n",
       "    <tr>\n",
       "      <th>0</th>\n",
       "      <td>9.127837e-06</td>\n",
       "      <td>1.997092e-06</td>\n",
       "      <td>1.907910e-07</td>\n",
       "      <td>1.946977e-06</td>\n",
       "      <td>4.344784e-08</td>\n",
       "      <td>7.385602e-06</td>\n",
       "      <td>2.024246e-07</td>\n",
       "      <td>-7.561183e-06</td>\n",
       "      <td>-3.135964e-06</td>\n",
       "      <td>-3.910114e-06</td>\n",
       "    </tr>\n",
       "    <tr>\n",
       "      <th>1</th>\n",
       "      <td>1.997092e-06</td>\n",
       "      <td>7.308937e-06</td>\n",
       "      <td>2.173131e-08</td>\n",
       "      <td>1.908224e-06</td>\n",
       "      <td>1.440145e-07</td>\n",
       "      <td>4.428016e-06</td>\n",
       "      <td>2.247668e-07</td>\n",
       "      <td>-2.943755e-06</td>\n",
       "      <td>-1.478506e-06</td>\n",
       "      <td>-9.272513e-07</td>\n",
       "    </tr>\n",
       "    <tr>\n",
       "      <th>2</th>\n",
       "      <td>1.907910e-07</td>\n",
       "      <td>2.173131e-08</td>\n",
       "      <td>5.325114e-06</td>\n",
       "      <td>1.722893e-08</td>\n",
       "      <td>1.053738e-08</td>\n",
       "      <td>8.710767e-08</td>\n",
       "      <td>1.370160e-08</td>\n",
       "      <td>-1.224788e-07</td>\n",
       "      <td>-2.337944e-07</td>\n",
       "      <td>-3.298871e-07</td>\n",
       "    </tr>\n",
       "    <tr>\n",
       "      <th>3</th>\n",
       "      <td>1.946977e-06</td>\n",
       "      <td>1.908224e-06</td>\n",
       "      <td>1.722893e-08</td>\n",
       "      <td>7.146463e-06</td>\n",
       "      <td>7.310698e-08</td>\n",
       "      <td>4.027246e-06</td>\n",
       "      <td>-1.201524e-08</td>\n",
       "      <td>-3.018323e-06</td>\n",
       "      <td>-1.500099e-06</td>\n",
       "      <td>-1.061948e-06</td>\n",
       "    </tr>\n",
       "    <tr>\n",
       "      <th>4</th>\n",
       "      <td>4.344784e-08</td>\n",
       "      <td>1.440145e-07</td>\n",
       "      <td>1.053738e-08</td>\n",
       "      <td>7.310698e-08</td>\n",
       "      <td>5.322298e-06</td>\n",
       "      <td>1.780346e-07</td>\n",
       "      <td>1.200626e-07</td>\n",
       "      <td>3.954907e-08</td>\n",
       "      <td>4.264531e-08</td>\n",
       "      <td>-8.368717e-08</td>\n",
       "    </tr>\n",
       "    <tr>\n",
       "      <th>5</th>\n",
       "      <td>7.385602e-06</td>\n",
       "      <td>4.428016e-06</td>\n",
       "      <td>8.710767e-08</td>\n",
       "      <td>4.027246e-06</td>\n",
       "      <td>1.780346e-07</td>\n",
       "      <td>3.945587e-05</td>\n",
       "      <td>1.677416e-06</td>\n",
       "      <td>-1.932780e-05</td>\n",
       "      <td>6.189428e-06</td>\n",
       "      <td>-1.035366e-05</td>\n",
       "    </tr>\n",
       "    <tr>\n",
       "      <th>6</th>\n",
       "      <td>2.024246e-07</td>\n",
       "      <td>2.247668e-07</td>\n",
       "      <td>1.370160e-08</td>\n",
       "      <td>-1.201524e-08</td>\n",
       "      <td>1.200626e-07</td>\n",
       "      <td>1.677416e-06</td>\n",
       "      <td>5.479961e-06</td>\n",
       "      <td>-3.583419e-08</td>\n",
       "      <td>1.282672e-06</td>\n",
       "      <td>-1.556330e-07</td>\n",
       "    </tr>\n",
       "    <tr>\n",
       "      <th>7</th>\n",
       "      <td>-7.561183e-06</td>\n",
       "      <td>-2.943755e-06</td>\n",
       "      <td>-1.224788e-07</td>\n",
       "      <td>-3.018323e-06</td>\n",
       "      <td>3.954907e-08</td>\n",
       "      <td>-1.932780e-05</td>\n",
       "      <td>-3.583419e-08</td>\n",
       "      <td>5.328420e-05</td>\n",
       "      <td>2.504075e-05</td>\n",
       "      <td>3.921500e-05</td>\n",
       "    </tr>\n",
       "    <tr>\n",
       "      <th>8</th>\n",
       "      <td>-3.135964e-06</td>\n",
       "      <td>-1.478506e-06</td>\n",
       "      <td>-2.337944e-07</td>\n",
       "      <td>-1.500099e-06</td>\n",
       "      <td>4.264531e-08</td>\n",
       "      <td>6.189428e-06</td>\n",
       "      <td>1.282672e-06</td>\n",
       "      <td>2.504075e-05</td>\n",
       "      <td>3.835083e-05</td>\n",
       "      <td>2.075297e-05</td>\n",
       "    </tr>\n",
       "    <tr>\n",
       "      <th>9</th>\n",
       "      <td>-3.910114e-06</td>\n",
       "      <td>-9.272513e-07</td>\n",
       "      <td>-3.298871e-07</td>\n",
       "      <td>-1.061948e-06</td>\n",
       "      <td>-8.368717e-08</td>\n",
       "      <td>-1.035366e-05</td>\n",
       "      <td>-1.556330e-07</td>\n",
       "      <td>3.921500e-05</td>\n",
       "      <td>2.075297e-05</td>\n",
       "      <td>6.981696e-05</td>\n",
       "    </tr>\n",
       "  </tbody>\n",
       "</table>\n",
       "</div>"
      ],
      "text/plain": [
       "      produto_0     produto_1     produto_2     produto_3     produto_4  \\\n",
       "0  9.127837e-06  1.997092e-06  1.907910e-07  1.946977e-06  4.344784e-08   \n",
       "1  1.997092e-06  7.308937e-06  2.173131e-08  1.908224e-06  1.440145e-07   \n",
       "2  1.907910e-07  2.173131e-08  5.325114e-06  1.722893e-08  1.053738e-08   \n",
       "3  1.946977e-06  1.908224e-06  1.722893e-08  7.146463e-06  7.310698e-08   \n",
       "4  4.344784e-08  1.440145e-07  1.053738e-08  7.310698e-08  5.322298e-06   \n",
       "5  7.385602e-06  4.428016e-06  8.710767e-08  4.027246e-06  1.780346e-07   \n",
       "6  2.024246e-07  2.247668e-07  1.370160e-08 -1.201524e-08  1.200626e-07   \n",
       "7 -7.561183e-06 -2.943755e-06 -1.224788e-07 -3.018323e-06  3.954907e-08   \n",
       "8 -3.135964e-06 -1.478506e-06 -2.337944e-07 -1.500099e-06  4.264531e-08   \n",
       "9 -3.910114e-06 -9.272513e-07 -3.298871e-07 -1.061948e-06 -8.368717e-08   \n",
       "\n",
       "      produto_5     produto_6     produto_7     produto_8     produto_9  \n",
       "0  7.385602e-06  2.024246e-07 -7.561183e-06 -3.135964e-06 -3.910114e-06  \n",
       "1  4.428016e-06  2.247668e-07 -2.943755e-06 -1.478506e-06 -9.272513e-07  \n",
       "2  8.710767e-08  1.370160e-08 -1.224788e-07 -2.337944e-07 -3.298871e-07  \n",
       "3  4.027246e-06 -1.201524e-08 -3.018323e-06 -1.500099e-06 -1.061948e-06  \n",
       "4  1.780346e-07  1.200626e-07  3.954907e-08  4.264531e-08 -8.368717e-08  \n",
       "5  3.945587e-05  1.677416e-06 -1.932780e-05  6.189428e-06 -1.035366e-05  \n",
       "6  1.677416e-06  5.479961e-06 -3.583419e-08  1.282672e-06 -1.556330e-07  \n",
       "7 -1.932780e-05 -3.583419e-08  5.328420e-05  2.504075e-05  3.921500e-05  \n",
       "8  6.189428e-06  1.282672e-06  2.504075e-05  3.835083e-05  2.075297e-05  \n",
       "9 -1.035366e-05 -1.556330e-07  3.921500e-05  2.075297e-05  6.981696e-05  "
      ]
     },
     "execution_count": 104,
     "metadata": {},
     "output_type": "execute_result"
    }
   ],
   "source": [
    "df_covariancia = df.loc[indices,names]\n",
    "df_covariancia"
   ]
  },
  {
   "cell_type": "code",
   "execution_count": 109,
   "metadata": {},
   "outputs": [
    {
     "data": {
      "text/plain": [
       "array([[ 9.12783672e-06,  1.99709206e-06,  1.90790971e-07,\n",
       "         1.94697650e-06,  4.34478363e-08,  7.38560172e-06,\n",
       "         2.02424592e-07, -7.56118312e-06, -3.13596411e-06,\n",
       "        -3.91011417e-06],\n",
       "       [ 1.99709206e-06,  7.30893730e-06,  2.17313101e-08,\n",
       "         1.90822409e-06,  1.44014490e-07,  4.42801637e-06,\n",
       "         2.24766835e-07, -2.94375519e-06, -1.47850583e-06,\n",
       "        -9.27251287e-07],\n",
       "       [ 1.90790971e-07,  2.17313101e-08,  5.32511351e-06,\n",
       "         1.72289278e-08,  1.05373769e-08,  8.71076676e-08,\n",
       "         1.37015998e-08, -1.22478790e-07, -2.33794449e-07,\n",
       "        -3.29887071e-07],\n",
       "       [ 1.94697650e-06,  1.90822409e-06,  1.72289278e-08,\n",
       "         7.14646334e-06,  7.31069775e-08,  4.02724648e-06,\n",
       "        -1.20152383e-08, -3.01832286e-06, -1.50009938e-06,\n",
       "        -1.06194756e-06],\n",
       "       [ 4.34478363e-08,  1.44014490e-07,  1.05373769e-08,\n",
       "         7.31069775e-08,  5.32229761e-06,  1.78034613e-07,\n",
       "         1.20062632e-07,  3.95490677e-08,  4.26453143e-08,\n",
       "        -8.36871731e-08],\n",
       "       [ 7.38560172e-06,  4.42801637e-06,  8.71076676e-08,\n",
       "         4.02724648e-06,  1.78034613e-07,  3.94558737e-05,\n",
       "         1.67741611e-06, -1.93278025e-05,  6.18942759e-06,\n",
       "        -1.03536648e-05],\n",
       "       [ 2.02424592e-07,  2.24766835e-07,  1.37015998e-08,\n",
       "        -1.20152383e-08,  1.20062632e-07,  1.67741611e-06,\n",
       "         5.47996126e-06, -3.58341938e-08,  1.28267248e-06,\n",
       "        -1.55632973e-07],\n",
       "       [-7.56118312e-06, -2.94375519e-06, -1.22478790e-07,\n",
       "        -3.01832286e-06,  3.95490677e-08, -1.93278025e-05,\n",
       "        -3.58341938e-08,  5.32842031e-05,  2.50407502e-05,\n",
       "         3.92150040e-05],\n",
       "       [-3.13596411e-06, -1.47850583e-06, -2.33794449e-07,\n",
       "        -1.50009938e-06,  4.26453143e-08,  6.18942759e-06,\n",
       "         1.28267248e-06,  2.50407502e-05,  3.83508252e-05,\n",
       "         2.07529731e-05],\n",
       "       [-3.91011417e-06, -9.27251287e-07, -3.29887071e-07,\n",
       "        -1.06194756e-06, -8.36871731e-08, -1.03536648e-05,\n",
       "        -1.55632973e-07,  3.92150040e-05,  2.07529731e-05,\n",
       "         6.98169647e-05]])"
      ]
     },
     "execution_count": 109,
     "metadata": {},
     "output_type": "execute_result"
    }
   ],
   "source": [
    "covariancia_list = df_covariancia.to_numpy()\n",
    "covariancia_list"
   ]
  }
 ],
 "metadata": {
  "kernelspec": {
   "display_name": ".venv",
   "language": "python",
   "name": "python3"
  },
  "language_info": {
   "codemirror_mode": {
    "name": "ipython",
    "version": 3
   },
   "file_extension": ".py",
   "mimetype": "text/x-python",
   "name": "python",
   "nbconvert_exporter": "python",
   "pygments_lexer": "ipython3",
   "version": "3.12.4"
  }
 },
 "nbformat": 4,
 "nbformat_minor": 2
}
